Size np Time Threads
5000 2 21.681587 1
5000 2 21.666694 1
5000 2 21.658110 1
5000 2 21.567689 1
5000 2 21.598040 1
5000 2 11.087508 2
5000 2 11.199783 2
5000 2 11.210471 2
5000 2 11.182334 2
5000 2 11.218020 2
5000 2 7.658459 3
5000 2 7.649414 3
5000 2 7.619632 3
5000 2 7.627061 3
5000 2 7.631154 3
5000 2 5.866224 4
5000 2 5.870411 4
5000 2 5.893131 4
5000 2 5.914426 4
5000 2 5.923715 4
5000 2 4.920784 5
5000 2 4.960169 5
5000 2 4.937941 5
5000 2 4.938077 5
5000 2 4.946004 5
5000 2 4.214561 6
5000 2 4.229160 6
5000 2 4.247967 6
5000 2 4.226928 6
5000 2 4.227025 6
5000 2 3.786003 7
5000 2 3.771429 7
5000 2 3.752465 7
5000 2 3.750060 7
5000 2 3.758306 7
5000 2 3.419446 8
5000 2 3.412077 8
5000 2 3.396793 8
5000 2 3.397161 8
5000 2 3.410069 8
5000 2 3.101241 9
5000 2 3.102563 9
5000 2 3.082043 9
5000 2 3.102230 9
5000 2 3.093265 9
5000 2 2.885462 10
5000 2 2.879246 10
5000 2 2.857118 10
5000 2 2.885196 10
5000 2 2.850011 10
5000 2 2.710736 11
5000 2 2.688592 11
5000 2 2.708873 11
5000 2 2.694698 11
5000 2 2.720950 11
5000 2 2.569302 12
5000 2 2.540700 12
5000 2 2.609892 12
5000 2 2.555357 12
5000 2 2.542213 12
5000 2 2.443632 13
5000 2 2.402310 13
5000 2 2.393265 13
5000 2 2.411202 13
5000 2 2.420732 13
5000 2 2.308410 14
5000 2 2.300981 14
5000 2 2.319327 14
5000 2 2.300847 14
5000 2 2.290485 14
5000 2 2.231139 15
5000 2 2.222176 15
5000 2 2.230264 15
5000 2 2.220249 15
5000 2 2.225608 15
5000 2 2.161191 16
5000 2 2.133417 16
5000 2 2.158355 16
5000 2 2.150566 16
5000 2 2.122545 16
5000 2 2.071962 17
5000 2 2.099755 17
5000 2 2.086507 17
5000 2 2.113019 17
5000 2 2.117005 17
5000 2 2.017933 18
5000 2 2.022895 18
5000 2 2.027451 18
5000 2 2.024491 18
5000 2 2.009019 18
5000 2 1.968968 19
5000 2 1.967284 19
5000 2 1.970304 19
5000 2 1.946372 19
5000 2 1.959917 19
5000 2 1.923449 20
5000 2 1.927259 20
5000 2 1.932363 20
5000 2 1.946402 20
5000 2 1.934034 20
5000 2 1.880142 21
5000 2 1.854446 21
5000 2 1.858809 21
5000 2 1.867085 21
5000 2 1.867887 21
5000 2 1.825996 22
5000 2 1.804034 22
5000 2 1.795554 22
5000 2 1.856860 22
5000 2 1.790801 22
5000 2 1.760826 23
5000 2 1.768996 23
5000 2 1.793050 23
5000 2 1.754987 23
5000 2 1.779503 23
5000 2 2.037854 24
5000 2 1.734846 24
5000 2 1.771536 24
5000 2 1.765252 24
5000 2 1.746159 24
5000 2 1.700952 25
5000 2 1.708137 25
5000 2 1.988029 25
5000 2 1.723226 25
5000 2 1.717460 25
5000 2 1.711599 26
5000 2 1.685387 26
5000 2 1.697820 26
5000 2 1.675264 26
5000 2 1.677907 26
5000 2 1.651528 27
5000 2 1.652924 27
5000 2 1.629149 27
5000 2 1.645609 27
5000 2 1.645879 27
5000 2 1.618017 28
5000 2 1.628091 28
5000 2 1.595163 28
5000 2 1.634324 28
5000 2 1.621253 28
5000 2 1.593873 29
5000 2 1.575314 29
5000 2 1.594935 29
5000 2 1.590670 29
5000 2 1.587097 29
5000 2 1.565965 30
5000 2 1.544127 30
5000 2 1.560783 30
5000 2 1.591543 30
5000 2 1.586602 30
5000 2 1.534854 31
5000 2 1.535422 31
5000 2 1.544976 31
5000 2 1.529827 31
5000 2 1.535354 31
5000 2 1.524921 32
5000 2 1.550660 32
5000 2 1.504964 32
5000 2 1.529522 32
5000 2 1.523704 32
5000 2 1.527030 33
5000 2 1.510148 33
5000 2 1.518754 33
5000 2 1.518803 33
5000 2 1.516109 33
5000 2 1.498597 34
5000 2 1.566788 34
5000 2 1.484683 34
5000 2 1.549315 34
5000 2 1.542527 34
5000 2 1.514041 35
5000 2 1.561474 35
5000 2 1.500902 35
5000 2 1.500125 35
5000 2 1.482371 35
5000 2 1.485583 36
5000 2 1.464943 36
5000 2 1.461152 36
5000 2 1.498092 36
5000 2 1.484554 36
5000 2 1.450269 37
5000 2 1.419699 37
5000 2 1.445678 37
5000 2 1.484235 37
5000 2 1.460391 37
5000 2 1.437749 38
5000 2 1.450989 38
5000 2 1.484347 38
5000 2 1.448444 38
5000 2 1.476444 38
5000 2 1.417156 39
5000 2 1.415397 39
5000 2 1.414794 39
5000 2 1.496088 39
5000 2 1.408373 39
5000 2 1.421949 40
5000 2 1.389281 40
5000 2 1.403079 40
5000 2 1.395217 40
5000 2 1.406291 40
5000 2 1.417335 41
5000 2 1.385057 41
5000 2 1.375677 41
5000 2 1.382938 41
5000 2 1.373971 41
5000 2 1.374894 42
5000 2 1.367425 42
5000 2 1.370250 42
5000 2 1.370910 42
5000 2 1.369324 42
5000 2 1.335644 43
5000 2 1.329538 43
5000 2 1.347176 43
5000 2 1.345555 43
5000 2 1.349926 43
5000 2 1.341834 44
5000 2 1.343446 44
5000 2 1.344026 44
5000 2 1.326153 44
5000 2 1.343558 44
5000 2 1.328420 45
5000 2 1.319015 45
5000 2 1.342818 45
5000 2 1.332752 45
5000 2 1.326271 45
5000 2 1.306577 46
5000 2 1.341665 46
5000 2 1.324027 46
5000 2 1.320027 46
5000 2 1.322959 46
5000 2 1.320782 47
5000 2 1.318205 47
5000 2 1.323012 47
5000 2 1.302134 47
5000 2 1.315503 47
5000 2 1.308145 48
5000 2 1.307107 48
5000 2 1.288575 48
5000 2 1.283033 48
5000 2 1.304317 48
5000 2 1.290925 49
5000 2 1.286950 49
5000 2 1.304993 49
5000 2 1.298287 49
5000 2 1.298263 49
5000 2 1.271403 50
5000 2 1.296758 50
5000 2 1.269908 50
5000 2 1.291646 50
5000 2 1.313003 50
5000 2 1.286789 51
5000 2 1.261691 51
5000 2 1.306766 51
5000 2 1.291058 51
5000 2 1.298641 51
5000 2 1.278321 52
5000 2 1.271444 52
5000 2 1.258277 52
5000 2 1.285691 52
5000 2 1.286789 52
5000 2 1.277113 53
5000 2 1.307445 53
5000 2 1.297429 53
5000 2 1.252416 53
5000 2 1.265158 53
5000 2 1.235987 54
5000 2 1.258597 54
5000 2 1.258873 54
5000 2 1.258368 54
5000 2 1.244160 54
5000 2 1.234487 55
5000 2 1.243987 55
5000 2 1.232119 55
5000 2 1.251613 55
5000 2 1.243827 55
5000 2 1.220640 56
5000 2 1.228839 56
5000 2 1.228477 56
5000 2 1.239380 56
5000 2 1.245246 56
5000 2 1.206016 57
5000 2 1.233338 57
5000 2 1.219246 57
5000 2 1.264258 57
5000 2 1.205236 57
5000 2 1.201371 58
5000 2 1.233781 58
5000 2 1.229374 58
5000 2 1.216601 58
5000 2 1.245720 58
5000 2 1.226201 59
5000 2 1.228748 59
5000 2 1.247381 59
5000 2 1.190169 59
5000 2 1.211143 59
5000 2 1.213840 60
5000 2 1.203290 60
5000 2 1.197123 60
5000 2 1.188101 60
5000 2 1.184309 60
5000 2 1.217461 61
5000 2 1.206597 61
5000 2 1.210548 61
5000 2 1.209476 61
5000 2 1.209179 61
5000 2 1.213972 62
5000 2 1.168757 62
5000 2 1.222116 62
5000 2 1.202233 62
5000 2 1.206437 62
5000 2 1.193887 63
5000 2 1.168216 63
5000 2 1.183389 63
5000 2 1.152525 63
5000 2 1.180039 63
5000 2 1.157499 64
5000 2 1.146057 64
5000 2 1.213377 64
5000 2 1.149351 64
5000 2 1.149101 64
